-5.468369927257299423e-03
-5.693207308650016785e-02
3.551049390807747841e-03
-1.351576484739780426e-02
-1.945123821496963501e-02
-1.584271527826786041e-02
-1.726538687944412231e-02
-2.911655977368354797e-02
3.685392672196030617e-03
-1.157500408589839935e-02
5.185114592313766479e-02
1.179660204797983170e-02
5.316526815295219421e-02
-9.424914605915546417e-03
-4.522242397069931030e-02
2.823162823915481567e-02
1.545705646276473999e-02
1.181342918425798416e-02
3.379147499799728394e-02
3.921831026673316956e-02
-4.911474138498306274e-02
-2.796841785311698914e-02
-9.192444122163578868e-05
2.174356486648321152e-03
2.766404114663600922e-02
4.461696371436119080e-02
-4.339121654629707336e-02
4.734687879681587219e-02
-5.826965346932411194e-02
3.088027052581310272e-02
-1.219743676483631134e-02
8.977770805358886719e-03
-2.799366600811481476e-03
4.221624508500099182e-02
-2.490155585110187531e-02
-9.051846340298652649e-03
-2.139461971819400787e-02
8.143351227045059204e-02
-2.891168743371963501e-02
-1.553952042013406754e-02
2.896126359701156616e-02
9.908779710531234741e-02
-2.916783280670642853e-02
2.296863123774528503e-02
7.988940924406051636e-02
3.779460862278938293e-02
-5.078714713454246521e-02
2.761423215270042419e-02
5.995677784085273743e-02
-3.031217493116855621e-02
7.165329903364181519e-02
4.161835089325904846e-02
8.661276102066040039e-02
8.580216206610202789e-03
2.602353505790233612e-02
2.151266299188137054e-02
-5.268016830086708069e-02
3.407781571149826050e-02
6.160639971494674683e-02
2.986094914376735687e-03
-3.292557224631309509e-02
-4.693398624658584595e-02
6.532462779432535172e-03
2.409196458756923676e-03
-2.270420780405402184e-03
5.779410153627395630e-02
-1.488864235579967499e-02
-9.960410185158252716e-03
7.118193805217742920e-02
1.975716277956962585e-02
1.956407353281974792e-02
2.545213326811790466e-02
4.726084880530834198e-03
4.118729010224342346e-02
-8.038915693759918213e-03
-5.210619047284126282e-02
-2.135469391942024231e-02
1.249444931745529175e-01
-4.728871863335371017e-03
3.964471444487571716e-02
4.090338572859764099e-02
-3.495458513498306274e-02
1.131251752376556396e-01
3.294594958424568176e-02
5.866972729563713074e-02
1.022909060120582581e-01
-4.412895441055297852e-02
8.867420256137847900e-02
8.832979202270507812e-02
-4.892421886324882507e-02
5.870896577835083008e-02
9.137130528688430786e-02
2.727158367633819580e-02
-3.186875209212303162e-02
-2.408633567392826080e-02
1.391998212784528732e-02
8.956844359636306763e-02
-8.767855353653430939e-03
-1.633610017597675323e-02
5.796957015991210938e-02
5.318697914481163025e-02
8.129975199699401855e-02
1.445460971444845200e-02
1.834144629538059235e-02
7.468069344758987427e-02
5.846386030316352844e-02
6.905984878540039062e-02
1.336920708417892456e-01
2.014865749515593052e-04
2.621037699282169342e-02
3.260894864797592163e-02
-1.150764059275388718e-02
-4.807542543858289719e-03
5.944295227527618408e-02
1.110788248479366302e-02
-1.866004988551139832e-02
-6.013654172420501709e-03
-2.898382022976875305e-03
6.444900482892990112e-02
4.661189392209053040e-02
-1.743410341441631317e-02
3.123272024095058441e-02
7.150829583406448364e-02
-1.095546875149011612e-02
-4.224444925785064697e-02
-8.150399662554264069e-03
1.108936965465545654e-01
5.744513124227523804e-02
