-5.221286043524742126e-02
1.782238855957984924e-02
9.756852686405181885e-02
9.690239280462265015e-02
6.016386300325393677e-02
9.910213947296142578e-02
-4.357236996293067932e-02
9.032075107097625732e-02
8.668408542871475220e-02
9.681605547666549683e-02
3.633072227239608765e-02
-4.343416169285774231e-02
4.406220838427543640e-02
8.464950323104858398e-02
1.492832005023956299e-01
3.100505098700523376e-02
1.582952588796615601e-01
9.381332434713840485e-03
-3.888327255845069885e-02
-4.291663691401481628e-02
1.075194329023361206e-01
7.782693207263946533e-02
4.777600988745689392e-02
5.316304042935371399e-02
1.472239475697278976e-02
-7.225895673036575317e-02
5.106828361749649048e-02
1.087934374809265137e-01
2.904139272868633270e-02
7.960478978930041194e-05
9.339657425880432129e-02
-5.567433685064315796e-02
2.203711494803428650e-02
6.878834217786788940e-02
-4.196595773100852966e-02
-2.880756370723247528e-02
-9.587334468960762024e-03
-5.042420700192451477e-02
-4.157407209277153015e-02
1.378047317266464233e-01
-9.893586859107017517e-03
3.324531763792037964e-02
-9.429559111595153809e-03
3.805362060666084290e-02
-8.688743226230144501e-03
-7.853938639163970947e-02
3.019991330802440643e-02
9.333840012550354004e-02
1.382352551445364952e-03
1.071915328502655029e-01
4.414866119623184204e-02
7.955807447433471680e-02
1.891368031501770020e-01
1.782727427780628204e-02
5.150157958269119263e-02
-4.265997931361198425e-02
1.147464215755462646e-01
2.819865755736827850e-02
1.881930790841579437e-02
1.251318603754043579e-01
1.324712634086608887e-01
8.336728066205978394e-02
1.241725385189056396e-01
-9.982409328222274780e-02
-5.029202252626419067e-02
8.904276182875037193e-04
8.109957724809646606e-02
-8.114965632557868958e-03
-4.745622724294662476e-02
-5.754268169403076172e-02
-7.581418007612228394e-02
1.310800900682806969e-03
-9.454102814197540283e-02
1.830465197563171387e-01
-6.907358020544052124e-02
2.353115193545818329e-02
-1.459551881998777390e-02
1.665475219488143921e-02
4.374235123395919800e-02
-1.573914103209972382e-02
-1.362026296555995941e-02
-8.567189425230026245e-02
1.111415028572082520e-01
5.678047612309455872e-02
1.707768738269805908e-01
5.739776790142059326e-02
-1.917568407952785492e-02
1.675858646631240845e-01
-6.327230483293533325e-02
1.300690025091171265e-01
-3.228792920708656311e-02
8.905595541000366211e-02
-8.040414005517959595e-02
4.014869034290313721e-02
6.750617921352386475e-02
2.597583457827568054e-02
1.837500780820846558e-01
3.293734788894653320e-02
3.907705843448638916e-02
-4.501385241746902466e-02
-8.069892227649688721e-02
6.530103087425231934e-02
1.628882437944412231e-02
1.179668959230184555e-02
1.220731735229492188e-01
5.736269429326057434e-02
8.774548768997192383e-02
1.323107331991195679e-01
1.168121546506881714e-01
6.573389470577239990e-02
9.983579814434051514e-02
1.685755327343940735e-02
5.698228999972343445e-02
-2.600608766078948975e-02
4.766663163900375366e-02
9.441859275102615356e-02
-3.221891075372695923e-02
4.619794711470603943e-02
-8.098988234996795654e-02
1.745361089706420898e-01
5.172854289412498474e-02
3.367247804999351501e-02
-2.772004157304763794e-02
3.350703790783882141e-02
-8.149589598178863525e-02
6.830539088696241379e-03
-9.704019874334335327e-03
1.087897419929504395e-01
