4.890983104705810547e+00 -7.594582080841064453e+00 5.949536800384521484e+00 -3.044165372848510742e+00 2.760466814041137695e+00 -3.245064496994018555e+00 1.017561817169189453e+01 -7.560068130493164062e+00 5.891903638839721680e-01 -2.749816417694091797e+00
-3.484368562698364258e+00 -5.215754508972167969e+00 -5.184285163879394531e+00 8.835104942321777344e+00 -7.760425567626953125e+00 1.948706436157226562e+01 -1.442006969451904297e+01 -3.495233535766601562e+00 7.761343955993652344e+00 2.537179708480834961e+00
-2.629428505897521973e-01 -7.992959022521972656e-01 1.599851799011230469e+01 8.132945060729980469e+00 -1.005098438262939453e+01 -4.046763896942138672e+00 -2.685230970382690430e+00 1.371963858604431152e+00 -5.381979942321777344e-01 -7.462475776672363281e+00
1.887939095497131348e+00 -5.697514533996582031e+00 -2.637995779514312744e-01 4.750438213348388672e+00 -4.727897644042968750e+00 7.861948490142822266e+00 -5.939906597137451172e+00 -5.151479721069335938e+00 3.385700225830078125e+00 3.385717153549194336e+00
-4.409330368041992188e+00 -2.797673225402832031e+00 9.973441958427429199e-01 3.167230844497680664e+00 9.129189252853393555e-01 2.078294515609741211e+00 -4.315748691558837891e+00 -6.408509254455566406e+00 1.109507942199707031e+01 1.050142407417297363e+00
1.262617111206054688e+01 -9.405701637268066406e+00 1.289958715438842773e+00 -2.802343130111694336e+00 -5.306814193725585938e+00 1.312748193740844727e+00 -8.085248470306396484e-01 1.231265187263488770e+00 -1.058536052703857422e+00 2.542577981948852539e+00
1.305820941925048828e+00 -2.300829887390136719e+00 3.204732835292816162e-01 -9.593884348869323730e-01 -2.042460203170776367e+00 5.458949565887451172e+00 9.231356620788574219e+00 -8.881829261779785156e+00 -8.423238992691040039e-03 -2.789501428604125977e+00
-1.608303904533386230e+00 -6.009748578071594238e-01 3.757477998733520508e-01 4.841324687004089355e-01 -5.879424810409545898e-01 -4.059664905071258545e-01 -7.013709545135498047e+00 9.922266960144042969e+00 -2.062157630920410156e+00 2.738620519638061523e+00
-7.994753837585449219e+00 9.979938507080078125e+00 8.272825479507446289e-01 1.614381313323974609e+00 -2.108764171600341797e+00 -2.103761911392211914e+00 -2.354040294885635376e-01 1.220313429832458496e+00 2.330407857894897461e+00 -2.261883497238159180e+00
-7.131577491760253906e+00 8.642519950866699219e+00 -2.203688919544219971e-01 7.970572113990783691e-01 -4.890241026878356934e-01 -2.048641920089721680e+00 -1.341085314750671387e+00 2.540315151214599609e+00 1.665843248367309570e+00 -8.308185338973999023e-01
-3.116487264633178711e+00 -6.679331660270690918e-01 -2.851812601089477539e+00 8.013671875000000000e+00 -4.124345779418945312e+00 5.571862697601318359e+00 -9.484576225280761719e+00 -4.420935213565826416e-01 2.793828487396240234e+00 4.124811649322509766e+00
-1.682520985603332520e+00 -3.358200073242187500e+00 7.577500343322753906e+00 4.932085037231445312e+00 -5.162842273712158203e+00 -5.929384231567382812e+00 -1.019507408142089844e+01 1.329374313354492188e+01 -6.396229267120361328e-01 1.975751042366027832e+00
-8.747294545173645020e-03 -1.855857968330383301e+00 5.120194435119628906e+00 5.731974601745605469e+00 -7.688906192779541016e+00 2.322127103805541992e+00 -7.081721305847167969e+00 3.636932849884033203e+00 4.865812957286834717e-01 -8.075278401374816895e-01
-1.822407603263854980e+00 -3.580624341964721680e+00 -1.723786890506744385e-01 1.094380617141723633e+00 9.094282388687133789e-01 -2.036691188812255859e+00 -8.117489814758300781e+00 1.195022487640380859e+01 -2.378242969512939453e+00 5.157546520233154297e+00
3.117563128471374512e-01 -5.487488746643066406e+00 -6.763346791267395020e-01 -6.265727877616882324e-01 1.436195373535156250e+00 6.264404058456420898e-01 -8.526877403259277344e+00 1.125422763824462891e+01 -3.153847217559814453e+00 5.965944290161132812e+00
-4.580796718597412109e+00 -4.800225257873535156e+00 -5.827871322631835938e+00 1.038053274154663086e+00 6.048137664794921875e+00 8.212757110595703125e-01 -8.846017837524414062e+00 5.410153388977050781e+00 4.156996905803680420e-01 1.201184272766113281e+01
-6.046085357666015625e+00 9.583364486694335938e+00 1.462664842605590820e+00 -1.069936156272888184e-01 -1.862541675567626953e+00 -2.555643796920776367e+00 -2.003928184509277344e+00 3.575628519058227539e+00 1.885521411895751953e+00 -2.072720289230346680e+00
7.583442330360412598e-01 -2.169379234313964844e+00 7.905560135841369629e-01 -2.708463430404663086e+00 1.790442466735839844e+00 3.160603046417236328e+00 1.187330341339111328e+01 -9.094246864318847656e+00 9.841187000274658203e-01 -5.799894332885742188e+00
-2.214484930038452148e+00 4.544786453247070312e+00 1.713889503479003906e+01 6.021574497222900391e+00 -1.717976379394531250e+01 -9.807305335998535156e-01 -3.615046024322509766e+00 -3.738498389720916748e-01 6.033507347106933594e+00 -8.538528442382812500e+00
-3.958880662918090820e+00 -8.644945144653320312e+00 -9.742818474769592285e-01 3.802555799484252930e+00 2.528001308441162109e+00 -2.375743150711059570e+00 -1.110058498382568359e+01 4.968410015106201172e+00 3.852540016174316406e+00 1.301917362213134766e+01
-9.797576665878295898e-01 -1.209639191627502441e+00 -3.291831731796264648e+00 3.899735212326049805e-02 -1.843751668930053711e-01 7.211763858795166016e+00 3.113568067550659180e+00 -5.336926460266113281e+00 8.402822017669677734e-01 -4.629996120929718018e-01
-6.512751102447509766e+00 -1.193944215774536133e+00 -8.422941565513610840e-01 9.403248429298400879e-01 8.958283424377441406e+00 -1.446417927742004395e+00 -1.912440299987792969e+00 -1.349886298179626465e+00 2.329352855682373047e+00 3.298515081405639648e+00
-9.975327491760253906e+00 1.019692611694335938e+01 -4.619199335575103760e-01 2.677938222885131836e+00 3.881134092807769775e-01 -1.777163863182067871e+00 -3.241066932678222656e+00 1.872956156730651855e+00 1.444774866104125977e+00 5.323885679244995117e-01
-2.615520477294921875e+00 -5.424915552139282227e-01 1.347992897033691406e+01 2.908724546432495117e+00 -6.669425368309020996e-01 -4.359999179840087891e+00 -3.372067213058471680e-01 4.999551922082901001e-03 -8.529577255249023438e-01 -5.945884704589843750e+00
-2.261253118515014648e+00 -8.133916258811950684e-01 -2.421571731567382812e+00 5.112391114234924316e-01 2.433929681777954102e+00 3.579122126102447510e-01 -8.407908439636230469e+00 1.044630432128906250e+01 -2.472908735275268555e+00 4.098670482635498047e+00
-2.158552646636962891e+00 -3.347902536392211914e+00 8.147104978561401367e-01 -6.917979121208190918e-01 6.383362293243408203e+00 -6.076500415802001953e-01 4.937057495117187500e-01 -2.155582606792449951e-01 -9.741567373275756836e-01 1.734263181686401367e+00
-3.713239669799804688e+00 -6.680991649627685547e+00 -2.316544055938720703e+00 1.160222291946411133e+00 4.665059089660644531e+00 -1.776899218559265137e+00 -8.819128990173339844e+00 5.912659645080566406e+00 2.132947683334350586e+00 1.088466548919677734e+01
-8.826770186424255371e-01 -2.233466863632202148e+00 2.806548118591308594e+00 -4.161384105682373047e+00 2.982376813888549805e+00 -5.152835845947265625e-01 9.088416099548339844e+00 -1.060280680656433105e+00 -9.897623062133789062e-01 -4.071744441986083984e+00
-6.838193893432617188e+00 9.463486671447753906e+00 7.120562791824340820e-01 -1.380714893341064453e+00 1.596562266349792480e+00 -1.156161904335021973e+00 -1.524880528450012207e+00 2.491429567337036133e+00 2.095023393630981445e+00 -2.748488903045654297e+00
1.313013076782226562e+00 -5.239748477935791016e+00 -1.048513770103454590e+00 -2.872442245483398438e+00 2.050010204315185547e+00 1.290558695793151855e+00 -3.724459171295166016e+00 9.037431716918945312e+00 -1.369931340217590332e+00 1.515865325927734375e+00
1.512669920921325684e+00 -3.296090602874755859e+00 6.035576820373535156e+00 1.971521854400634766e+00 -6.716713905334472656e+00 -6.777653694152832031e-01 -2.713906049728393555e+00 1.986825764179229736e-01 3.525926113128662109e+00 -6.216641515493392944e-02
-8.443641662597656250e+00 9.453593254089355469e+00 -5.255005508661270142e-02 1.729271888732910156e+00 -8.260920643806457520e-01 -1.706064224243164062e+00 -1.686019778251647949e+00 1.469307422637939453e+00 2.144888401031494141e+00 -7.970787882804870605e-01
-4.568439483642578125e+00 1.897942423820495605e+00 1.503916144371032715e+00 5.132969856262207031e+00 -4.288225650787353516e+00 -4.045267105102539062e+00 -4.748104095458984375e+00 -3.192318379878997803e-01 8.682998657226562500e+00 1.237370014190673828e+00
4.659108519554138184e-01 -6.130393147468566895e-01 -5.073865056037902832e-01 2.731886386871337891e+00 -7.851691246032714844e+00 6.433617115020751953e+00 -4.666749477386474609e+00 -6.685065269470214844e+00 1.160491752624511719e+01 1.865337193012237549e-01
-6.368328094482421875e+00 5.261271953582763672e+00 2.139143753051757812e+01 1.042702198028564453e+01 -1.373919582366943359e+01 -3.313635110855102539e+00 3.001528978347778320e-01 -3.149970054626464844e+00 3.029429435729980469e+00 -1.412929534912109375e+01
1.941591948270797729e-01 -2.963885784149169922e+00 -3.971838057041168213e-01 -2.055732607841491699e-01 -1.152361392974853516e+00 2.872759103775024414e+00 -6.832461357116699219e+00 7.192693710327148438e+00 -2.194461584091186523e+00 4.062409400939941406e+00
-2.932935237884521484e+00 -3.080159664154052734e+00 -3.506639719009399414e+00 -5.054536461830139160e-01 2.192307710647583008e+00 1.599476456642150879e+00 -2.650385141372680664e+00 -5.785555839538574219e+00 1.129130268096923828e+01 4.802730083465576172e+00
3.456532359123229980e-01 -4.358587265014648438e+00 -6.067945480346679688e+00 4.966438770294189453e+00 -2.886075258255004883e+00 1.121532440185546875e+01 -4.686352252960205078e+00 -4.593657970428466797e+00 -2.332527935504913330e-01 4.882508277893066406e+00
-8.789100646972656250e+00 7.014143466949462891e+00 8.874055743217468262e-01 3.256744861602783203e+00 5.685460567474365234e-01 8.787579536437988281e-01 -2.047406911849975586e+00 -2.335482835769653320e+00 3.692589759826660156e+00 -1.835939764976501465e+00
1.589487910270690918e+00 -4.011818885803222656e+00 3.837444067001342773e+00 -6.833373069763183594e+00 4.859982967376708984e+00 -5.367425680160522461e-01 1.384905338287353516e+01 -3.799750804901123047e+00 -3.310586452484130859e+00 -4.509734153747558594e+00
-4.799473285675048828e+00 -5.095036983489990234e+00 -2.643139839172363281e+00 -2.416284322738647461e+00 9.865813255310058594e+00 -1.142745852470397949e+00 -4.283519268035888672e+00 4.424702644348144531e+00 2.834154605865478516e+00 4.609589576721191406e+00
-1.200473189353942871e+00 -2.760379910469055176e-01 1.348069190979003906e+00 1.099657297134399414e+00 -9.786816239356994629e-01 4.273849010467529297e+00 2.231044769287109375e+00 -6.697078227996826172e+00 2.885901689529418945e+00 -2.847152709960937500e+00
-8.404049277305603027e-01 -1.158113002777099609e+00 -4.161267757415771484e+00 8.052602767944335938e+00 -1.855263590812683105e+00 4.385561943054199219e+00 -6.178776741027832031e+00 -2.615882396697998047e+00 1.582729518413543701e-01 4.272263526916503906e+00
-5.260620117187500000e+00 -2.321823120117187500e+00 4.173528850078582764e-01 6.423108100891113281e+00 -2.716044664382934570e+00 1.494573712348937988e+00 -9.408957481384277344e+00 -2.482882738113403320e+00 1.047422981262207031e+01 3.554761886596679688e+00
-2.505163908004760742e+00 -2.068000078201293945e+00 3.081683397293090820e+00 -3.798360824584960938e+00 7.856740474700927734e+00 -3.250272274017333984e+00 3.651317358016967773e+00 4.679975286126136780e-02 -7.726181745529174805e-01 2.210605442523956299e-01
1.330704498291015625e+01 -8.294277191162109375e+00 3.070234775543212891e+00 1.757382750511169434e-01 -1.095985698699951172e+01 4.903630733489990234e+00 -3.617136955261230469e+00 -7.257637381553649902e-01 -1.736857891082763672e-01 2.188390254974365234e+00
5.116035342216491699e-01 -5.608766674995422363e-01 1.316172122955322266e+00 -8.861449360847473145e-01 1.216875314712524414e+00 -3.801341354846954346e-01 2.315647602081298828e+00 1.574791073799133301e+00 -3.073338031768798828e+00 -2.002604961395263672e+00
-6.690338253974914551e-01 -1.425312638282775879e+00 2.730195969343185425e-02 1.020268917083740234e+00 -8.913019299507141113e-01 7.248815298080444336e-01 -5.494327068328857422e+00 7.446250438690185547e+00 -1.542352437973022461e+00 1.354139089584350586e+00
-5.831814289093017578e+00 2.586377263069152832e-01 1.200335311889648438e+01 9.993771553039550781e+00 -7.925619125366210938e+00 -4.291670322418212891e+00 -7.995522022247314453e+00 2.684501707553863525e-01 4.670544624328613281e+00 -1.212226033210754395e+00
6.910152435302734375e-01 -6.892421245574951172e+00 2.211584806442260742e+00 -5.844957351684570312e+00 9.051827430725097656e+00 -1.444081068038940430e+00 2.771230220794677734e+00 1.708842754364013672e+00 -2.423355340957641602e+00 1.824090838432312012e+00
-2.368335962295532227e+00 -5.405197143554687500e-01 1.381296634674072266e+00 2.567048668861389160e-01 7.368209958076477051e-01 1.433484435081481934e+00 5.387548446655273438e+00 -3.938504219055175781e+00 1.526494979858398438e+00 -4.085894107818603516e+00
-4.059647083282470703e+00 -1.918496012687683105e+00 -3.612655639648437500e+00 2.604653120040893555e+00 2.847109556198120117e+00 -2.240961313247680664e+00 -8.463065147399902344e+00 3.960821390151977539e+00 1.537169218063354492e+00 1.038503646850585938e+01
2.085905522108078003e-01 -1.525547862052917480e+00 1.234648823738098145e+00 -1.758350610733032227e+00 5.180823802947998047e-01 4.672529995441436768e-01 1.076017284393310547e+01 -5.853361129760742188e+00 -2.290001809597015381e-01 -4.299926280975341797e+00
-6.588026523590087891e+00 8.264050483703613281e+00 1.360645890235900879e+00 8.647257685661315918e-01 -1.549653410911560059e-01 -3.366223812103271484e+00 -3.402475357055664062e+00 4.573504447937011719e+00 1.824092864990234375e+00 -1.377801775932312012e+00
1.216567516326904297e+01 -7.900155544281005859e+00 3.152158975601196289e+00 3.654978871345520020e-01 -5.129211425781250000e+00 -1.232642769813537598e+00 1.276263117790222168e+00 -2.535741806030273438e+00 -6.132527589797973633e-01 -7.564588636159896851e-02
-5.645799636840820312e+00 -4.746294498443603516e+00 -2.723208427429199219e+00 3.139503002166748047e+00 6.423534393310546875e+00 -2.817963838577270508e+00 -6.994654655456542969e+00 1.816182017326354980e+00 3.683083534240722656e+00 9.173307418823242188e+00
1.706598997116088867e+00 -2.873922824859619141e+00 1.686786413192749023e+00 -3.242446899414062500e+00 2.742743968963623047e+00 1.880133271217346191e+00 9.311593055725097656e+00 -3.705661058425903320e+00 -3.541252136230468750e+00 -4.203998565673828125e+00
-8.622122406959533691e-01 -1.275345444679260254e+00 7.818465828895568848e-01 -1.663741827011108398e+00 4.100207090377807617e-01 1.508338212966918945e+00 1.050374889373779297e+01 -8.623984336853027344e+00 3.712848186492919922e+00 -4.401098728179931641e+00
3.722338378429412842e-02 -9.687705993652343750e+00 8.986370086669921875e+00 1.105850934982299805e+00 2.631133079528808594e+00 -2.975239992141723633e+00 -3.142546176910400391e+00 -2.032843828201293945e+00 2.569458007812500000e+00 3.287347078323364258e+00
3.654472827911376953e+00 -3.481671333312988281e+00 8.458763957023620605e-01 2.523335933685302734e+00 -5.344727516174316406e+00 6.339371204376220703e+00 -4.384118556976318359e+00 -1.850220859050750732e-01 2.550388872623443604e-01 -4.327432215213775635e-01
-1.900975584983825684e+00 -1.106414198875427246e+00 2.947123765945434570e+00 -2.081998825073242188e+00 3.478139638900756836e-01 1.173784732818603516e+00 1.052613735198974609e+01 -6.259198665618896484e+00 1.326378583908081055e+00 -5.294034957885742188e+00
1.075681567192077637e+00 -3.321581125259399414e+00 -1.257440686225891113e+00 1.351284384727478027e-01 -8.428294658660888672e-01 2.377650499343872070e+00 -5.194872379302978516e+00 5.437552452087402344e+00 -2.899412155151367188e+00 4.497713088989257812e+00
-1.436245560646057129e+00 5.294613361358642578e+00 4.813245296478271484e+00 -4.086933732032775879e-01 -4.247364044189453125e+00 7.819620370864868164e-01 2.375047445297241211e+00 -2.129703044891357422e+00 2.088999748229980469e+00 -6.126878261566162109e+00
3.415983915328979492e-01 -2.054062843322753906e+00 2.555566310882568359e+00 -5.288004875183105469e+00 3.173332214355468750e+00 9.507106542587280273e-01 9.947331428527832031e+00 -2.514132261276245117e+00 -2.780239582061767578e+00 -3.438486337661743164e+00
1.605290985107421875e+01 -9.344732284545898438e+00 2.249299764633178711e+00 -1.570033788681030273e+00 -1.051470661163330078e+01 2.407823324203491211e+00 -1.687041372060775757e-01 7.237049937248229980e-01 -5.116451978683471680e-01 2.123416364192962646e-01
1.284091854095458984e+01 -6.934073925018310547e+00 3.096117496490478516e+00 -5.549933314323425293e-01 -9.180155754089355469e+00 3.764425039291381836e+00 -2.227261066436767578e+00 -1.281549453735351562e+00 -8.192833662033081055e-01 8.974534273147583008e-01
-2.540275096893310547e+00 -2.615584850311279297e+00 5.794447898864746094e+00 1.988854646682739258e+00 9.595958590507507324e-01 -2.986718893051147461e+00 -3.158689737319946289e+00 1.946508646011352539e+00 7.123312354087829590e-02 1.307035803794860840e+00
-1.621293902397155762e+00 -1.564446568489074707e+00 3.982270956039428711e+00 4.128190517425537109e+00 -5.201691627502441406e+00 -5.187696218490600586e-01 -8.625285148620605469e+00 1.100874233245849609e+01 -2.148789405822753906e+00 1.123577952384948730e+00
-3.877406358718872070e+00 8.083714485168457031e+00 5.502383112907409668e-01 -1.408957481384277344e+00 -2.763612270355224609e+00 3.085543811321258545e-01 8.377747535705566406e-01 8.787124156951904297e-01 2.670442104339599609e+00 -3.667487859725952148e+00
-1.436243295669555664e+00 -4.539999008178710938e+00 1.209959220886230469e+01 4.067812442779541016e+00 -1.374171018600463867e+00 -3.906392812728881836e+00 -4.445246219635009766e+00 9.765442013740539551e-01 9.642655849456787109e-01 -2.070929050445556641e+00
1.977295994758605957e+00 -3.088678359985351562e+00 4.157228469848632812e+00 -1.173145294189453125e+00 4.256270527839660645e-01 2.504436492919921875e+00 1.020861911773681641e+01 -9.696674346923828125e+00 -5.527586936950683594e-01 -4.997985839843750000e+00
9.597312927246093750e+00 -7.740558147430419922e+00 6.097272038459777832e-01 -2.660639524459838867e+00 -1.546881794929504395e+00 2.294807195663452148e+00 1.820349335670471191e+00 -1.455075263977050781e+00 -1.063986182212829590e+00 2.473805248737335205e-01
6.865147948265075684e-01 -9.327835083007812500e+00 1.974711120128631592e-01 -8.124196052551269531e+00 1.210147476196289062e+01 8.148843050003051758e-01 3.511246681213378906e+00 -1.212612152099609375e+00 9.407858848571777344e-01 2.286510229110717773e+00
-3.160285234451293945e+00 -5.612668037414550781e+00 8.868816494941711426e-01 1.839452981948852539e+00 4.004951953887939453e+00 -3.545016050338745117e-03 -9.576139450073242188e+00 7.506109714508056641e+00 1.780012488365173340e+00 3.544650793075561523e+00
-3.460146903991699219e+00 -3.846016883850097656e+00 -6.008632183074951172e+00 3.059971570968627930e+00 3.170322656631469727e+00 4.586227834224700928e-01 -1.062830352783203125e+01 4.202084064483642578e+00 2.637254953384399414e+00 1.239012241363525391e+01
1.545422458648681641e+01 -7.212419033050537109e+00 3.942946434020996094e+00 -2.205446004867553711e+00 -9.584462165832519531e+00 2.264394760131835938e+00 1.319626212120056152e+00 -2.839797258377075195e+00 -1.481226682662963867e+00 5.629971623420715332e-01
-7.169668674468994141e+00 9.365069389343261719e+00 1.935404181480407715e+00 -9.696273803710937500e-01 1.345803618431091309e+00 -3.293104887008666992e+00 -1.699560999870300293e+00 3.377159118652343750e+00 1.815382719039916992e+00 -2.112129688262939453e+00
-1.111155033111572266e+00 -4.613409638404846191e-01 -4.501497268676757812e+00 -7.662775516510009766e-01 2.248023271560668945e+00 1.008981800079345703e+01 7.445617914199829102e-01 -2.735158443450927734e+00 2.234959304332733154e-01 -3.214751482009887695e+00
2.012695550918579102e+00 -2.040544986724853516e+00 -2.908026933670043945e+00 2.192617416381835938e+00 -3.957342386245727539e+00 9.983325958251953125e+00 -1.201292276382446289e+00 -4.956425666809082031e+00 1.191147089004516602e+00 -6.968808174133300781e-01
-3.272724390029907227e+00 -6.648132801055908203e+00 8.508238196372985840e-01 2.420764684677124023e+00 3.290314912796020508e+00 -1.147856116294860840e+00 -5.526361465454101562e+00 1.338460147380828857e-01 3.497936487197875977e+00 7.170487403869628906e+00
-5.564026355743408203e+00 -7.600629925727844238e-01 -5.849781990051269531e+00 3.202265024185180664e+00 3.492978572845458984e+00 -6.082264184951782227e-01 -8.438548088073730469e+00 2.385296344757080078e+00 2.107229709625244141e+00 1.129175090789794922e+01
-4.509231090545654297e+00 -1.142752361297607422e+01 -5.332350730895996094e+00 -5.890477657318115234e+00 1.444502735137939453e+01 3.409560441970825195e+00 -2.110486745834350586e+00 -5.892069339752197266e-01 7.792465686798095703e+00 6.404999256134033203e+00
-2.252113819122314453e+00 -6.161094903945922852e-01 6.483039855957031250e+00 1.284408187866210938e+01 -1.126256656646728516e+01 -1.378156840801239014e-01 -1.396846675872802734e+01 3.529830932617187500e+00 3.399090290069580078e+00 1.586799383163452148e+00
4.108406901359558105e-01 -6.358448505401611328e+00 -1.150681495666503906e+00 -5.472706794738769531e+00 6.963198661804199219e+00 3.468807458877563477e+00 2.521820068359375000e+00 4.630240797996520996e-01 4.437628686428070068e-01 -4.964312016963958740e-01
-5.441375255584716797e+00 -3.682130336761474609e+00 -2.216576337814331055e+00 2.552623987197875977e+00 5.998014450073242188e+00 -2.411787986755371094e+00 -8.478062629699707031e+00 2.577961921691894531e+00 1.402593135833740234e+00 1.173959064483642578e+01
-3.138930559158325195e+00 -2.807735204696655273e-01 8.231363296508789062e+00 2.374874830245971680e+00 -5.052210330963134766e+00 -1.275115489959716797e+00 -1.936056733131408691e+00 3.862379074096679688e+00 3.031725585460662842e-01 -2.845537424087524414e+00
-1.434207320213317871e+00 1.751872777938842773e+00 8.364234924316406250e+00 3.825353860855102539e+00 -4.720685958862304688e+00 -1.405777335166931152e+00 1.887527257204055786e-01 -8.125566840171813965e-01 -3.624052107334136963e-01 -5.488767623901367188e+00
-2.701164007186889648e+00 2.119815349578857422e+00 -1.908640861511230469e+00 -4.141849279403686523e-02 5.340757369995117188e-01 -6.671161651611328125e-01 -5.511308193206787109e+00 6.590399742126464844e+00 -4.108580946922302246e-02 3.044114351272583008e+00
-6.480295181274414062e+00 9.186238288879394531e+00 2.390651464462280273e+00 1.158123731613159180e+00 -1.490702867507934570e+00 -3.511629819869995117e+00 -2.173945665359497070e+00 4.084572792053222656e+00 1.340982794761657715e+00 -2.687505960464477539e+00
-2.679287195205688477e+00 3.181728839874267578e+00 2.434868574142456055e+00 6.881079077720642090e-01 -2.662445306777954102e+00 2.796727895736694336e+00 7.056125164031982422e+00 -6.176279067993164062e+00 2.160904645919799805e+00 -6.945156574249267578e+00
-2.610126435756683350e-01 -1.834134936332702637e+00 3.909068107604980469e+00 3.948728322982788086e+00 -5.840095520019531250e+00 -4.591918945312500000e+00 -1.050498294830322266e+01 1.056158256530761719e+01 6.427074670791625977e-01 4.681521415710449219e+00
-4.526483535766601562e+00 -4.026029706001281738e-01 1.032661437988281250e+00 8.826640129089355469e+00 -3.737944841384887695e+00 1.820943057537078857e-01 -7.508277416229248047e+00 3.392063081264495850e-01 3.819034099578857422e+00 1.285007119178771973e+00
-7.071116447448730469e+00 8.538796424865722656e+00 -4.128225147724151611e-01 9.865302443504333496e-01 -3.172949552536010742e-01 -1.377865433692932129e+00 -1.480410695075988770e+00 1.910929679870605469e+00 8.915998935699462891e-01 -4.328434765338897705e-01
-7.481599450111389160e-01 -2.043073654174804688e+00 7.793563008308410645e-01 1.861471176147460938e+00 -2.406382083892822266e+00 6.080920696258544922e-01 -7.054934501647949219e+00 7.379137039184570312e+00 -1.852811217308044434e+00 3.880789041519165039e+00
-3.628831148147583008e+00 -2.139305591583251953e+00 -3.641190528869628906e+00 5.110653877258300781e+00 -3.530770063400268555e+00 -2.009944617748260498e-01 -9.950921058654785156e+00 4.187589883804321289e-01 8.967656135559082031e+00 8.976940155029296875e+00
-5.948017835617065430e-01 -2.375338971614837646e-02 2.031932353973388672e+00 -3.383650302886962891e+00 1.056291341781616211e+00 3.351297080516815186e-01 8.781041145324707031e+00 -1.743292927742004395e+00 -1.832580089569091797e+00 -4.293621063232421875e+00
1.079564857482910156e+01 -5.020899772644042969e+00 4.109560966491699219e+00 -3.420432806015014648e-01 -1.103791713714599609e+01 6.262935161590576172e+00 1.503184199333190918e+00 -3.426339149475097656e+00 -1.273425102233886719e+00 -1.576422452926635742e+00
-6.690641403198242188e+00 9.503024101257324219e+00 2.370387792587280273e+00 3.248112797737121582e-01 -1.746469736099243164e+00 -2.536248922348022461e+00 7.531268000602722168e-01 1.405073285102844238e+00 2.142181396484375000e+00 -3.892466306686401367e+00
2.208713740110397339e-01 -3.604550361633300781e+00 5.531559944152832031e+00 6.428003787994384766e+00 -3.602373838424682617e+00 2.447862863540649414e+00 2.712013721466064453e-01 -7.617556095123291016e+00 1.784230947494506836e+00 -2.572070837020874023e+00
-9.468247294425964355e-01 -1.393568754196166992e+00 1.320173358917236328e+01 8.100505828857421875e+00 -9.310500144958496094e+00 -4.746379375457763672e+00 -4.315949440002441406e+00 -1.596092820167541504e+00 3.753116130828857422e+00 -3.121402978897094727e+00
1.195004224777221680e+00 -7.727822661399841309e-01 1.405524730682373047e+00 2.774078547954559326e-01 -4.149602890014648438e+00 6.992035865783691406e+00 -1.104294180870056152e+00 -5.886895060539245605e-01 -8.093896508216857910e-02 -3.459117650985717773e+00
-1.917882680892944336e+00 -5.241407871246337891e+00 5.348467230796813965e-01 -4.302121639251708984e+00 1.084849166870117188e+01 -1.356166720390319824e+00 8.365272283554077148e-01 -1.153275012969970703e+00 1.122763037681579590e+00 3.077806711196899414e+00
2.720438241958618164e+00 -3.516919612884521484e+00 2.628539085388183594e+00 -5.895757198333740234e+00 1.083221316337585449e+00 4.991180896759033203e+00 1.140993785858154297e+01 -6.109742641448974609e+00 -2.426647663116455078e+00 -4.625007629394531250e+00
-2.691447257995605469e+00 2.453784942626953125e+00 1.020019149780273438e+01 5.132191181182861328e+00 -1.059310817718505859e+01 -2.654808759689331055e+00 -7.133809566497802734e+00 5.494329452514648438e+00 4.864086151123046875e+00 -4.765592575073242188e+00
-1.108070611953735352e+00 -7.243630886077880859e+00 -4.926961958408355713e-01 -1.002242088317871094e+00 1.658480167388916016e+00 2.942471981048583984e+00 -2.220067977905273438e+00 -4.844447135925292969e+00 9.530570030212402344e+00 3.289676904678344727e+00
4.124248623847961426e-01 -3.149108171463012695e+00 4.632542610168457031e+00 1.212570476531982422e+01 -7.843222618103027344e+00 -9.466016292572021484e-01 -4.675985813140869141e+00 -1.860516071319580078e+00 2.699395179748535156e+00 -2.702512264251708984e+00
-1.725567460060119629e+00 -4.017744660377502441e-01 3.284364938735961914e+00 3.230525970458984375e+00 -4.292969226837158203e+00 -2.509873151779174805e+00 -9.007638931274414062e+00 1.045122432708740234e+01 -5.754520893096923828e-01 2.048187017440795898e+00
1.704865247011184692e-01 -4.913027286529541016e+00 -1.601667046546936035e+00 -2.241415739059448242e+00 2.695081472396850586e+00 1.124291300773620605e+00 -4.391230106353759766e+00 3.035494804382324219e+00 1.859346151351928711e+00 5.448238849639892578e+00
-2.408400774002075195e+00 1.293752074241638184e+00 -1.483296990394592285e+00 1.370093584060668945e+00 -2.648244619369506836e+00 5.282958030700683594e+00 -1.266267776489257812e+00 -3.285330057144165039e+00 3.042778015136718750e+00 1.349025070667266846e-01
-4.643568992614746094e+00 -2.573031425476074219e+00 -2.189651966094970703e+00 -2.492544174194335938e+00 1.031084537506103516e+01 -1.179038643836975098e+00 -5.643106698989868164e-01 3.764705181121826172e+00 -1.425960421562194824e+00 3.450955390930175781e+00
-3.550094366073608398e+00 -4.878983974456787109e+00 -2.612735271453857422e+00 -4.436083436012268066e-01 6.625682830810546875e+00 -1.504254579544067383e+00 -3.596520423889160156e+00 -3.824083209037780762e-01 2.310232639312744141e+00 9.760229110717773438e+00
7.641708254814147949e-01 -5.825540423393249512e-01 1.011048913002014160e+00 -1.955701351165771484e+00 -1.621570289134979248e-01 2.468508481979370117e+00 7.132031917572021484e+00 -5.575416564941406250e+00 4.085736572742462158e-01 -3.796567678451538086e+00
-3.604721546173095703e+00 -2.023194074630737305e+00 2.358439207077026367e+00 1.561594581604003906e+01 -5.713695526123046875e+00 2.837071657180786133e+00 -1.282327938079833984e+01 -2.762242555618286133e+00 3.711514234542846680e+00 1.524416685104370117e+00
-8.804106116294860840e-01 -2.561178684234619141e+00 -1.886649847030639648e+00 1.923737287521362305e+00 -1.044875502586364746e+00 -2.542513608932495117e+00 -2.708422183990478516e+00 -6.038187026977539062e+00 1.174534034729003906e+01 5.318591594696044922e+00
-1.256872177124023438e+00 -2.724156975746154785e-01 -9.661048054695129395e-01 2.326862573623657227e+00 -4.800706863403320312e+00 7.840589880943298340e-01 -5.888492584228515625e+00 1.033951520919799805e+00 6.700339317321777344e+00 2.385840654373168945e+00
1.312860488891601562e+01 -5.994000911712646484e+00 2.452877283096313477e+00 7.445866465568542480e-01 -1.009414100646972656e+01 2.279010534286499023e+00 -1.668356508016586304e-01 -1.069560408592224121e+00 -7.914924621582031250e-01 -1.242008805274963379e+00
1.373982071876525879e+00 -2.452840328216552734e+00 1.342312622070312500e+01 4.027208805084228516e+00 -4.492916107177734375e+00 -5.820294857025146484e+00 7.038948535919189453e-01 -7.141917347908020020e-01 -4.948845207691192627e-01 -5.491643905639648438e+00
-5.440833091735839844e+00 7.372373104095458984e+00 7.709692120552062988e-01 -5.626142024993896484e-02 -1.179917573928833008e+00 -9.122992753982543945e-01 5.329941511154174805e-01 9.002799987792968750e-01 1.492764234542846680e+00 -2.578501462936401367e+00
1.721784472465515137e-03 -1.174694061279296875e+00 1.074122667312622070e+00 -1.623945713043212891e+00 1.561797559261322021e-01 1.434403181076049805e+00 7.945433616638183594e+00 -4.129606246948242188e+00 -6.358764767646789551e-01 -3.455082178115844727e+00
-7.153854370117187500e+00 9.554184913635253906e+00 1.039288163185119629e+00 -2.351599931716918945e-02 1.916811466217041016e-01 -2.996322393417358398e+00 -2.603283643722534180e+00 4.927481174468994141e+00 8.618634939193725586e-01 -1.704529166221618652e+00
-3.890914201736450195e+00 -5.779421925544738770e-01 3.722459077835083008e+00 1.584483146667480469e+01 -5.708186626434326172e+00 -4.422069489955902100e-01 -8.305344581604003906e+00 -5.408951759338378906e+00 5.446948051452636719e+00 -8.204106688499450684e-01
-6.200865745544433594e+00 4.059709072113037109e+00 1.140353584289550781e+01 5.827618122100830078e+00 -3.086970806121826172e+00 -1.514423847198486328e+00 5.064169168472290039e-01 -3.291591167449951172e+00 2.056598901748657227e+00 -9.349782943725585938e+00
2.036300748586654663e-01 -2.446274757385253906e+00 3.051645994186401367e+00 -2.408199548721313477e+00 2.413658380508422852e+00 3.059994876384735107e-01 9.687911033630371094e+00 -3.721664667129516602e+00 -2.576247215270996094e+00 -4.491899490356445312e+00
-5.291528105735778809e-01 -4.181443214416503906e+00 2.888067066669464111e-01 -3.607387304306030273e+00 6.920538425445556641e+00 1.097033500671386719e+00 1.885010242462158203e+00 -2.715640366077423096e-01 -1.573919534683227539e+00 1.240242123603820801e+00
1.344259232282638550e-01 -4.044963836669921875e+00 -1.150969266891479492e+00 1.367087841033935547e+01 -6.966332912445068359e+00 4.586115360260009766e+00 -1.182895755767822266e+01 -2.398549318313598633e+00 3.249237060546875000e+00 4.246971607208251953e+00
3.281211853027343750e+00 -5.602698802947998047e+00 7.807385444641113281e+00 1.947435379028320312e+00 -4.951868534088134766e+00 -9.649955034255981445e-01 -4.145433902740478516e+00 3.719011321663856506e-02 1.524609327316284180e+00 6.049570441246032715e-01
-1.745013236999511719e+00 7.218703627586364746e-01 -4.397720336914062500e+00 6.214595794677734375e+00 -5.970895767211914062e+00 1.578629589080810547e+01 -9.897665977478027344e-01 -1.145509624481201172e+01 2.635243892669677734e+00 -1.412204861640930176e+00
-6.367304921150207520e-01 1.731249213218688965e+00 -1.234856247901916504e+00 -3.019607067108154297e-01 -2.280948162078857422e+00 9.083669662475585938e+00 2.041185140609741211e+00 -3.872431755065917969e+00 8.973550796508789062e-01 -5.303181648254394531e+00
